GenderCode,(ALL),,,,
,,,,,
Count of FirstName,perforamnce level,,,,
BusinessUnit,HIGH,LOW,MEDIUM,VERY HIGH,Grand Total
BPC,46,82,145,30,303
CCDR,43,88,151,18,300
EW,37,77,157,31,302
MSC,38,73,156,29,296
NEL,34,81,158,31,304
PL,43,83,154,21,301
PYZ,38,78,153,30,299
SVG,46,79,152,27,304
TNS,49,70,153,25,297
WBL,43,75,148,28,294
Grand Total,417,786,1527,270,3000
